\Generated by Cardinal Operations

Maximize
   1520.65 x_BC12:25_f + 596.4400000000001 x_BC12:25_l 
   + 1521.05 x_BC14:25_f + 821.73 x_BC14:25_l + 1544.13 x_BC15:40_f 
   + 483.3 x_BC15:40_l + 873.59 x_BC11:20_f + 269.24 x_BC11:20_l 
   + 907.0599999999999 x_BC16:30_f + 268.12 x_BC16:30_l 
   + 875.17 x_BC19:05_f + 282.71 x_BC19:05_l 
Subject To
 capacity_constraint_BC12:25: 1.2 x_BC12:25_f + x_BC12:25_l <= 187
 balance_constraint_BC12:25: 3.7 x_BC12:25_0 + 0.9 x_BC12:25_f 
   + 0.9 x_BC12:25_l <= 39.79
 M_constraint_BC12:25_0: - 10000 y_BC12:25 + x_BC12:25_0 <= 0
 M_constraint_BC12:25_f: - 10000 y_BC12:25 + x_BC12:25_f <= 0
 M_constraint_BC12:25_l: - 10000 y_BC12:25 + x_BC12:25_l <= 0
 scale_constraint_BC12:25_f: 3.079 x_BC12:25_0 - 2 x_BC12:25_f >= 0
 scale_constraint_BC12:25_l: 1.652 x_BC12:25_0 - 2 x_BC12:25_l >= 0
 capacity_constraint_BC14:25: 1.2 x_BC14:25_f + x_BC14:25_l <= 187
 balance_constraint_BC14:25: 3.7 x_BC14:25_0 + 0.9 x_BC14:25_f 
   + 0.9 x_BC14:25_l <= 11.07
 M_constraint_BC14:25_0: - 10000 y_BC14:25 + x_BC14:25_0 <= 0
 M_constraint_BC14:25_f: - 10000 y_BC14:25 + x_BC14:25_f <= 0
 M_constraint_BC14:25_l: - 10000 y_BC14:25 + x_BC14:25_l <= 0
 scale_constraint_BC14:25_f: 3.079 x_BC14:25_0 - 2 x_BC14:25_f >= 0
 scale_constraint_BC14:25_l: 1.652 x_BC14:25_0 - 2 x_BC14:25_l >= 0
 capacity_constraint_BC15:40: 1.2 x_BC15:40_f + x_BC15:40_l <= 187
 balance_constraint_BC15:40: 3.7 x_BC15:40_0 + 0.9 x_BC15:40_f 
   + 0.9 x_BC15:40_l <= 14.96
 M_constraint_BC15:40_0: - 10000 y_BC15:40 + x_BC15:40_0 <= 0
 M_constraint_BC15:40_f: - 10000 y_BC15:40 + x_BC15:40_f <= 0
 M_constraint_BC15:40_l: - 10000 y_BC15:40 + x_BC15:40_l <= 0
 scale_constraint_BC15:40_f: 3.079 x_BC15:40_0 - 2 x_BC15:40_f >= 0
 scale_constraint_BC15:40_l: 1.652 x_BC15:40_0 - 2 x_BC15:40_l >= 0
 capacity_constraint_BC11:20: 1.2 x_BC11:20_f + x_BC11:20_l <= 187
 balance_constraint_BC11:20: 3.7 x_BC11:20_0 + 0.9 x_BC11:20_f 
   + 0.9 x_BC11:20_l <= 147.64
 M_constraint_BC11:20_0: - 10000 y_BC11:20 + x_BC11:20_0 <= 0
 M_constraint_BC11:20_f: - 10000 y_BC11:20 + x_BC11:20_f <= 0
 M_constraint_BC11:20_l: - 10000 y_BC11:20 + x_BC11:20_l <= 0
 scale_constraint_BC11:20_f: 1.864 x_BC11:20_0 - 2 x_BC11:20_f >= 0
 scale_constraint_BC11:20_l: x_BC11:20_0 - 2 x_BC11:20_l >= 0
 capacity_constraint_BC16:30: 1.2 x_BC16:30_f + x_BC16:30_l <= 187
 balance_constraint_BC16:30: 3.7 x_BC16:30_0 + 0.9 x_BC16:30_f 
   + 0.9 x_BC16:30_l <= 98.72
 M_constraint_BC16:30_0: - 10000 y_BC16:30 + x_BC16:30_0 <= 0
 M_constraint_BC16:30_f: - 10000 y_BC16:30 + x_BC16:30_f <= 0
 M_constraint_BC16:30_l: - 10000 y_BC16:30 + x_BC16:30_l <= 0
 scale_constraint_BC16:30_f: 3.079 x_BC16:30_0 - 2 x_BC16:30_f >= 0
 scale_constraint_BC16:30_l: 1.652 x_BC16:30_0 - 2 x_BC16:30_l >= 0
 capacity_constraint_BC19:05: 1.2 x_BC19:05_f + x_BC19:05_l <= 187
 balance_constraint_BC19:05: 3.7 x_BC19:05_0 + 0.9 x_BC19:05_f 
   + 0.9 x_BC19:05_l <= 154.71
 M_constraint_BC19:05_0: - 10000 y_BC19:05 + x_BC19:05_0 <= 0
 M_constraint_BC19:05_f: - 10000 y_BC19:05 + x_BC19:05_f <= 0
 M_constraint_BC19:05_l: - 10000 y_BC19:05 + x_BC19:05_l <= 0
 scale_constraint_BC19:05_f: 2.411 x_BC19:05_0 - 2 x_BC19:05_f >= 0
 scale_constraint_BC19:05_l: 1.293 x_BC19:05_0 - 2 x_BC19:05_l >= 0
 cardinality_constraint: y_BC12:25 + y_BC14:25 + y_BC15:40 + y_BC11:20 
   + y_BC16:30 + y_BC19:05 <= 5
Binaries
 y_BC12:25  y_BC14:25  y_BC15:40  y_BC11:20  y_BC16:30  y_BC19:05  
END

